....	XAccel			YAccel				ZAccel			XGyro			YGyro			ZGyro
 [0,0] --> [-3068,-3068]	[0,0] --> [-32767,-32767]	[0,0] --> [-32164,-32157]	[0,0] --> [-355,-356]	[0,0] --> [-71,-70]	[0,0] --> [-23,-18]
.... [0,1000] --> [-3068,5301]	[0,1000] --> [-32767,-29956]	[0,1000] --> [-32179,-23793]	[0,1000] --> [-359,3638]	[0,1000] --> [-71,3926]	[0,1000] --> [-18,3977]
.... [0,1000] --> [-3067,5305]	[0,2000] --> [-32767,-21213]	[0,2000] --> [-32167,-15431]	[0,1000] --> [-359,3633]	[0,1000] --> [-65,3928]	[0,1000] --> [-14,3977]
.... [0,1000] --> [-3066,5308]	[0,3000] --> [-32767,-12454]	[0,3000] --> [-32172,-7055]	[0,1000] --> [-362,3632]	[0,1000] --> [-65,3928]	[0,1000] --> [-12,3979]
.... [0,1000] --> [-3077,5306]	[0,4000] --> [-32767,-3715]	[0,4000] --> [-32183,1322]	[0,1000] --> [-363,3632]	[0,1000] --> [-63,3930]	[0,1000] --> [-13,3979]
....	XAccel			YAccel				ZAccel			XGyro			YGyro			ZGyro
 [0,1000] --> [-3066,5308]	[0,5000] --> [-32767,5039]	[0,5000] --> [-32182,9691]	[0,1000] --> [-364,3628]	[0,1000] --> [-63,3930]	[0,1000] --> [-12,3979]
.... [0,1000] --> [-3066,5311]	[0,5000] --> [-32767,5034]	[0,6000] --> [-32181,18065]	[0,1000] --> [-365,3630]	[0,1000] --> [-64,3931]	[0,1000] --> [-12,3978]

closing in:
..	XAccel			YAccel				ZAccel			XGyro			YGyro			ZGyro
 [0,500] --> [-3066,1123]	[2500,5000] --> [-16835,5034]	[3000,6000] --> [-7056,18065]	[0,500] --> [-365,1633]	[0,500] --> [-64,1934]	[0,500] --> [-12,1985]
.. [250,500] --> [-972,1123]	[3750,5000] --> [-5905,5034]	[4500,6000] --> [5499,18065]	[0,250] --> [-365,630]	[0,250] --> [-64,935]	[0,250] --> [-12,983]
.. [250,375] --> [-972,69]	[4375,5000] --> [-443,5034]	[5250,6000] --> [11780,18065]	[0,125] --> [-365,129]	[0,125] --> [-64,435]	[0,125] --> [-12,483]
.. [312,375] --> [-452,69]	[4375,4687] --> [-443,2283]	[5625,6000] --> [14908,18065]	[62,125] --> [-124,129]	[0,62] --> [-64,183]	[0,62] --> [-12,231]
.. [343,375] --> [-192,69]	[4375,4531] --> [-443,920]	[5625,5812] --> [14908,16487]	[93,125] --> [0,129]	[0,31] --> [-64,60]	[0,31] --> [-12,107]
..	XAccel			YAccel				ZAccel			XGyro			YGyro			ZGyro
 [359,375] --> [-67,69]	[4375,4453] --> [-443,232]	[5718,5812] --> [15697,16487]	[93,109] --> [0,63]	[15,31] --> [-4,60]	[0,15] --> [-12,43]
.. [359,367] --> [-67,5]	[4414,4453] --> [-95,232]	[5765,5812] --> [16090,16487]	[93,101] --> [0,31]	[15,23] --> [-4,26]	[0,7] --> [-12,10]
.. [363,367] --> [-35,5]	[4414,4433] --> [-95,60]	[5788,5812] --> [16276,16487]	[93,97] --> [0,14]	[15,19] --> [-4,11]	[3,7] --> [-5,10]
.. [365,367] --> [-17,5]	[4423,4433] --> [-28,60]	[5800,5812] --> [16384,16487]	[93,95] --> [0,5]	[15,17] --> [-4,4]	[3,5] --> [-5,2]
.. [365,366] --> [-17,1]	[4423,4428] --> [-28,23]	[5800,5806] --> [16384,16426]	[93,94] --> [0,2]	[16,17] --> [0,4]	[4,5] --> [-1,2]
..	XAccel			YAccel				ZAccel			XGyro			YGyro			ZGyro
 [365,366] --> [-10,1]	[4425,4428] --> [-7,23]	[5800,5803] --> [16384,16402]	[93,94] --> [-2,2]	[16,17] --> [0,4]	[4,5] --> [-1,2]
averaging 10000 readings each time
.................... [365,366] --> [-12,1]	[4425,4426] --> [-7,6]	[5801,5803] --> [16379,16402]	[93,94] --> [-5,2]	[16,17] --> [0,4]	[4,5] --> [0,2]
.................... [365,366] --> [-15,1]	[4425,4426] --> [-11,6]	[5801,5802] --> [16379,16387]	[93,94] --> [-6,2]	[16,16] --> [0,1]	[4,5] --> [0,2]
.................... [365,366] --> [-15,1]	[4425,4426] --> [-17,6]	[5801,5802] --> [16364,16387]	[93,94] --> [-10,2]	[16,16] --> [0,3]	[4,5] --> [0,2]
-------------- done --------------
